[gd_scene load_steps=6 format=2]

[ext_resource path="res://game/Bomb/BombMaterial.tres" type="Material" id=1]
[ext_resource path="res://game/Bomb/Bomb.gd" type="Script" id=2]

[sub_resource type="SphereMesh" id=1]
radius = 0.8
height = 1.6

[sub_resource type="CylinderMesh" id=2]
top_radius = 0.1
bottom_radius = 0.1

[sub_resource type="SphereShape" id=3]
radius = 0.224242

[node name="Bomb" type="Spatial"]
script = ExtResource( 2 )

[node name="Meshes" type="Spatial" parent="."]
transform = Transform( 0.25, 0, 0, 0, 0.25, 0, 0, 0, 0.25, 0, 0, 0 )

[node name="CoreMesh" type="MeshInstance" parent="Meshes"]
mesh = SubResource( 1 )
material/0 = ExtResource( 1 )

[node name="Spike" type="MeshInstance" parent="Meshes"]
mesh = SubResource( 2 )
material/0 = ExtResource( 1 )

[node name="Spike2" type="MeshInstance" parent="Meshes"]
transform = Transform( -4.37114e-08, 1, 0, -1, -4.37114e-08, 0, 0, 0, 1, 0, 0, 0 )
mesh = SubResource( 2 )
material/0 = ExtResource( 1 )

[node name="Spike3" type="MeshInstance" parent="Meshes"]
transform = Transform( 1.91069e-15, -4.37114e-08, -1, -1, -4.37114e-08, 0, -4.37114e-08, 1, -4.37114e-08, 0, 0, 0 )
mesh = SubResource( 2 )
material/0 = ExtResource( 1 )

[node name="Spike4" type="MeshInstance" parent="Meshes"]
transform = Transform( -3.09086e-08, 0.707107, -0.707107, -1, -4.37114e-08, 0, -3.09086e-08, 0.707107, 0.707107, 0, 0, 0 )
mesh = SubResource( 2 )
material/0 = ExtResource( 1 )

[node name="Spike5" type="MeshInstance" parent="Meshes"]
transform = Transform( -3.09086e-08, 0.707107, 0.707107, -1, -4.37114e-08, 0, 3.09086e-08, -0.707107, 0.707107, 0, 0, 0 )
mesh = SubResource( 2 )
material/0 = ExtResource( 1 )

[node name="Spike6" type="MeshInstance" parent="Meshes"]
transform = Transform( -0.707107, 0.707107, 0, -0.707107, -0.707107, 0, 0, 0, 1, 0, 0, 0 )
mesh = SubResource( 2 )
material/0 = ExtResource( 1 )

[node name="Spike7" type="MeshInstance" parent="Meshes"]
transform = Transform( -0.707107, -0.707107, 0, 0.707107, -0.707107, 0, 0, 0, 1, 0, 0, 0 )
mesh = SubResource( 2 )
material/0 = ExtResource( 1 )

[node name="Spike8" type="MeshInstance" parent="Meshes"]
transform = Transform( 0.939787, 0.0193598, -0.341213, -0.236438, 0.757738, -0.608219, 0.246775, 0.652272, 0.716689, 0, 0, 0 )
mesh = SubResource( 2 )
material/0 = ExtResource( 1 )

[node name="Spike9" type="MeshInstance" parent="Meshes"]
transform = Transform( 0.99937, 0.0332154, -0.0125257, -0.0155451, 0.726702, 0.686777, 0.031914, -0.686149, 0.726761, 0, 0, 0 )
mesh = SubResource( 2 )
material/0 = ExtResource( 1 )

[node name="Spike10" type="MeshInstance" parent="Meshes"]
transform = Transform( -0.5, 0.5, 0.707107, -0.707107, -0.707107, 0, 0.5, -0.5, 0.707107, 0, 0, 0 )
mesh = SubResource( 2 )
material/0 = ExtResource( 1 )

[node name="Spike11" type="MeshInstance" parent="Meshes"]
transform = Transform( 0.5, -0.5, 0.707107, -0.707107, -0.707107, 0, 0.5, -0.5, -0.707107, 0, 0, 0 )
mesh = SubResource( 2 )
material/0 = ExtResource( 1 )

[node name="Spike12" type="MeshInstance" parent="Meshes"]
transform = Transform( 0.5, -0.5, -0.707107, -0.707107, -0.707107, 0, -0.5, 0.5, -0.707107, 0, 0, 0 )
mesh = SubResource( 2 )
material/0 = ExtResource( 1 )

[node name="Spike13" type="MeshInstance" parent="Meshes"]
transform = Transform( -0.5, 0.5, -0.707107, -0.707107, -0.707107, 0, -0.5, 0.5, 0.707107, 0, 0, 0 )
mesh = SubResource( 2 )
material/0 = ExtResource( 1 )

[node name="Area" type="Area" parent="."]
collision_layer = 32
collision_mask = 16

[node name="CollisionShape" type="CollisionShape" parent="Area"]
shape = SubResource( 3 )
